0 : 371 3475 3846
1 : 224 3076 3300
2 : 83 1039 1122
3 : 163 2459 2622
4 : 212 2410 2622
5 : 127 1702 1829
6 : 250 3247 3497
7 : 104 1701 1805
8 : 199 2597 2796
9 : 133 1402 1535
10 : 30 765 795
11 : 0 0 0
12 : 0 0 0
13 : 61 713 774
14 : 0 0 0
15 : 0 0 0
16 : 97 1808 1905
17 : 0 0 0
18 : 0 0 0
19 : 210 2845 3055
20 : 101 997 1098
21 : 0 0 0
22 : 0 0 0
23 : 167 2514 2681
24 : 13 666 679
25 : 131 2385 2516
26 : 226 2946 3172
27 : 0 0 0
28 : 0 0 0
29 : 328 3511 3839
30 : 191 2747 2938
31 : 200 2877 3077
32 : 0 0 0
33 : 0 0 0
34 : 377 3771 4148
35 : 94 896 990
36 : 139 1434 1573
37 : 205 2887 3092
38 : 0 0 0
39 : 0 0 0
40 : 263 3251 3514
41 : 0 0 0
42 : 0 0 0
43 : 21 550 571
44 : 478 4030 4508
45 : 252 2730 2982
46 : 154 2486 2640
47 : 0 0 0
48 : 0 0 0
49 : 98 722 820
50 : 218 2393 2611
51 : 190 2488 2678
52 : 140 1967 2107
53 : 0 0 0
54 : 0 0 0
55 : 151 2335 2486
56 : 0 0 0
57 : 0 0 0
58 : 170 2841 3011
59 : 168 2645 2813
60 : 89 1313 1402
61 : 0 0 0
62 : 0 0 0
63 : 47 437 484
64 : 176 2558 2734
65 : 170 2868 3038
66 : 171 2183 2354
67 : 171 3146 3317
68 : 274 3615 3889
69 : 13 395 408
70 : 197 2860 3057
71 : 0 0 0
72 : 0 0 0
73 : 94 1196 1290
74 : 104 1194 1298
75 : 58 2423 2481
76 : 162 2552 2714
77 : 291 3873 4164
78 : 73 778 851
79 : 0 0 0
80 : 0 0 0
81 : 218 3079 3297
82 : 82 322 404
83 : 0 0 0
84 : 0 0 0
85 : 127 1733 1860
86 : 145 1615 1760
87 : 148 2270 2418
88 : 48 770 818
89 : 82 1132 1214
90 : 223 2986 3209
91 : 0 0 0
92 : 0 0 0
93 : 249 3143 3392
94 : 132 2166 2298
95 : 0 0 0
96 : 0 0 0
97 : 0 0 0
98 : 0 0 0
99 : 181 2137 2318
100 : 101 1314 1415
101 : 111 1250 1361
102 : 159 2831 2990
103 : 0 0 0
104 : 0 0 0
105 : 204 2231 2435
106 : 310 3388 3698
107 : 136 1897 2033
108 : 132 1823 1955
109 : 0 0 0
110 : 0 0 0
111 : 135 2834 2969
112 : 107 1950 2057
113 : 90 1017 1107
114 : 405 3702 4107
115 : 249 2841 3090
116 : 285 3503 3788
117 : 0 0 0
118 : 0 0 0
119 : 226 2924 3150
120 : 176 2530 2706
121 : 94 1651 1745
122 : 0 0 0
123 : 0 0 0
124 : 0 0 0
125 : 0 0 0
126 : 126 1218 1344
127 : 171 2518 2689
128 : 112 889 1001
129 : 0 0 0
130 : 0 0 0
131 : 33 337 370
132 : 249 3466 3715
133 : 88 1285 1373
134 : 249 3478 3727
135 : 153 3096 3249
136 : 163 2671 2834
137 : 520 3882 4402
138 : 146 1692 1838
139 : 186 2561 2747
140 : 150 1989 2139
141 : 0 0 0
142 : 0 0 0
143 : 117 2184 2301
144 : 200 3116 3316
145 : 86 2049 2135
146 : 0 0 0
147 : 0 0 0
148 : 0 0 0
149 : 0 0 0
150 : 203 3113 3316
151 : 62 667 729
152 : 192 2621 2813
153 : 126 1547 1673
154 : 106 603 709
155 : 70 1025 1095
156 : 101 1065 1166
157 : 0 0 0
158 : 0 0 0
159 : 68 1298 1366
160 : 73 506 579
161 : 47 1553 1600
162 : 35 390 425
163 : 172 2562 2734
164 : 145 1639 1784
165 : 169 2260 2429
166 : 0 0 0
167 : 0 0 0
168 : 231 2617 2848
169 : 73 1360 1433
170 : 211 2659 2870
171 : 132 2069 2201
172 : 65 1763 1828
173 : 0 0 0
174 : 0 0 0
175 : 208 2786 2994
176 : 51 551 602
177 : 0 0 0
178 : 0 0 0
179 : 386 3582 3968
180 : 172 2413 2585
181 : 0 0 0
182 : 0 0 0
183 : 172 2725 2897
184 : 17 663 680
185 : 0 0 0
186 : 0 0 0
187 : 110 1419 1529
188 : 52 452 504
189 : 142 2549 2691
190 : 137 1889 2026
191 : 0 0 0
192 : 0 0 0
193 : 0 0 0
194 : 0 0 0
195 : 176 2987 3163
196 : 207 2354 2561
197 : 185 2372 2557
198 : 156 1845 2001
199 : 35 591 626
200 : 0 0 0
201 : 0 0 0
202 : 224 2721 2945
203 : 0 0 0
204 : 0 0 0
205 : 200 2464 2664
206 : 111 2816 2927
207 : 331 3769 4100
208 : 189 2441 2630
209 : 0 0 0
210 : 0 0 0
211 : 131 2202 2333
212 : 0 0 0
213 : 0 0 0
214 : 138 1197 1335
215 : 154 3148 3302
216 : 71 1401 1472
217 : 0 0 0
218 : 0 0 0
219 : 15 1743 1758
220 : 156 3119 3275
221 : 0 0 0
222 : 0 0 0
223 : 112 1114 1226
224 : 22 790 812
225 : 127 2041 2168
226 : 93 1734 1827
227 : 111 1349 1460
228 : 168 2922 3090
229 : 208 2385 2593
230 : 92 1636 1728
231 : 73 1359 1432
232 : 70 531 601
233 : 0 0 0
234 : 0 0 0
235 : 169 2201 2370
236 : 130 1750 1880
237 : 111 1696 1807
238 : 76 1493 1569
239 : 0 0 0
240 : 0 0 0
241 : 0 0 0
242 : 0 0 0
243 : 26 852 878
244 : 0 0 0
245 : 0 0 0
246 : 0 0 0
247 : 0 0 0
248 : 105 1057 1162
249 : 0 0 0
250 : 0 0 0
251 : 0 0 0
252 : 0 0 0
253 : 255 3364 3619
254 : 116 2354 2470
255 : 487 4031 4518
256 : 381 3829 4210
257 : 86 1399 1485
258 : 0 0 0
259 : 0 0 0
260 : 153 2962 3115
261 : 284 3545 3829
262 : 144 2230 2374
263 : 96 1042 1138
264 : 179 2768 2947
265 : 0 0 0
266 : 0 0 0
267 : 192 2055 2247
268 : 128 2441 2569
269 : 57 668 725
270 : 167 1795 1962
271 : 93 1201 1294
272 : 136 1691 1827
273 : 257 3229 3486
274 : 59 997 1056
275 : 120 2260 2380
276 : 70 371 441
277 : 93 1136 1229
278 : 78 2113 2191
279 : 0 0 0
280 : 0 0 0
281 : 117 2302 2419
282 : 0 0 0
283 : 0 0 0
284 : 203 2294 2497
285 : 209 2828 3037
286 : 0 0 0
287 : 0 0 0
288 : 83 447 530
289 : 71 887 958
290 : 328 3389 3717
291 : 0 0 0
292 : 0 0 0
293 : 190 3099 3289
294 : 137 2012 2149
295 : 321 3260 3581
296 : 98 1719 1817
297 : 143 2010 2153
298 : 0 0 0
299 : 0 0 0
300 : 324 3037 3361
301 : 48 1298 1346
302 : 361 3978 4339
303 : 0 0 0
304 : 0 0 0
305 : 264 3229 3493
306 : 152 2495 2647
307 : 185 2479 2664
308 : 52 603 655
309 : 26 656 682
310 : 158 2188 2346
311 : 96 1288 1384
312 : 84 1629 1713
313 : 197 2861 3058
314 : 38 197 235
315 : 196 2140 2336
316 : 0 0 0
317 : 0 0 0
318 : 0 0 0
319 : 0 0 0
320 : 111 2344 2455
321 : 387 3849 4236
322 : 132 2555 2687
323 : 54 449 503
324 : 0 0 0
325 : 0 0 0
326 : 137 2416 2553
327 : 303 3654 3957
328 : 217 3187 3404
329 : 0 0 0
330 : 0 0 0
331 : 167 2788 2955
332 : 63 1050 1113
333 : 57 1644 1701
334 : 197 2508 2705
335 : 105 1799 1904
336 : 127 1474 1601
337 : 21 583 604
338 : 346 3707 4053
339 : 0 0 0
340 : 0 0 0
341 : 221 2793 3014
342 : 107 1545 1652
343 : 132 1959 2091
344 : 0 0 0
345 : 0 0 0
346 : 19 527 546
347 : 189 2586 2775
348 : 91 2287 2378
349 : 320 3555 3875
350 : 100 1236 1336
351 : 0 0 0
352 : 0 0 0
353 : 69 966 1035
354 : 0 0 0
355 : 0 0 0
356 : 95 1251 1346
357 : 0 0 0
358 : 0 0 0
359 : 0 0 0
360 : 0 0 0
361 : 0 0 0
362 : 0 0 0
363 : 81 1648 1729
364 : 0 0 0
365 : 0 0 0
366 : 236 3425 3661
367 : 62 1274 1336
368 : 0 0 0
369 : 0 0 0
370 : 219 2858 3077
371 : 47 672 719
372 : 185 2932 3117
373 : 193 2919 3112
374 : 112 1463 1575
375 : 0 0 0
376 : 0 0 0
377 : 250 3355 3605
378 : 0 0 0
379 : 0 0 0
380 : 100 1350 1450
381 : 68 2181 2249
382 : 143 1888 2031
383 : 0 0 0
384 : 0 0 0
385 : 72 1425 1497
386 : 0 0 0
387 : 0 0 0
388 : 91 899 990
389 : 147 2189 2336
390 : 0 0 0
391 : 0 0 0
392 : 165 1927 2092
393 : 255 3545 3800
394 : 0 0 0
395 : 0 0 0
396 : 209 2835 3044
397 : 0 0 0
398 : 0 0 0
399 : 211 2941 3152
400 : 357 3610 3967
401 : 113 2098 2211
402 : 0 0 0
403 : 0 0 0
404 : 148 2153 2301
405 : 63 753 816
406 : 149 2936 3085
407 : 41 270 311
408 : 198 3070 3268
409 : 78 1432 1510
410 : 310 3536 3846
411 : 219 2518 2737
412 : 54 730 784
413 : 164 2592 2756
414 : 93 1039 1132
415 : 68 917 985
416 : 161 1966 2127
417 : 235 2641 2876
418 : 179 2039 2218
419 : 190 1947 2137
420 : 11 1378 1389
421 : 0 0 0
422 : 0 0 0
423 : 376 3718 4094
424 : 155 2273 2428
425 : 55 638 693
426 : 206 3065 3271
427 : 127 2156 2283
428 : 131 1738 1869
429 : 377 3423 3800
430 : 0 0 0
431 : 0 0 0
432 : 145 2828 2973
433 : 403 3985 4388
434 : 184 2800 2984
435 : 96 2214 2310
436 : 253 3651 3904
437 : 200 2111 2311
438 : 36 302 338
439 : 196 4002 4198
440 : 0 0 0
441 : 0 0 0
442 : 0 0 0
443 : 0 0 0
444 : 186 1597 1783
445 : 239 2993 3232
446 : 317 3570 3887
447 : 39 1091 1130
448 : 222 3004 3226
449 : 215 2631 2846
450 : 311 3710 4021
451 : 0 0 0
452 : 0 0 0
453 : 148 2592 2740
454 : 62 1059 1121
455 : 283 3322 3605
456 : 277 2993 3270
457 : 155 1929 2084
458 : 438 3964 4402
459 : 0 0 0
460 : 0 0 0
461 : 0 0 0
462 : 0 0 0
463 : 256 2652 2908
464 : 73 821 894
465 : 87 1802 1889
466 : 80 822 902
467 : 0 0 0
468 : 0 0 0
469 : 0 0 0
470 : 0 0 0
471 : 144 1845 1989
472 : 0 0 0
473 : 0 0 0
474 : 83 1284 1367
475 : 96 1843 1939
476 : 0 0 0
477 : 0 0 0
478 : 0 0 0
479 : 0 0 0
480 : 0 0 0
481 : 0 0 0
482 : 344 3293 3637
483 : 190 1846 2036
484 : 183 2810 2993
485 : 0 0 0
486 : 0 0 0
487 : 102 1506 1608
488 : 199 2341 2540
489 : 261 3540 3801
490 : 0 0 0
491 : 0 0 0
492 : 190 3272 3462
493 : 115 1343 1458
494 : 0 0 0
495 : 0 0 0
496 : 351 3947 4298
497 : 204 2495 2699
498 : 145 2508 2653
499 : 47 606 653
500 : 0 0 0
501 : 0 0 0
502 : 127 2047 2174
503 : 42 1019 1061
504 : 300 3287 3587
505 : 214 2922 3136
506 : 201 2337 2538
507 : 0 0 0
508 : 0 0 0
509 : 56 980 1036
510 : 199 3124 3323
511 : 0 0 0
512 : 0 0 0
513 : 365 3529 3894
514 : 0 0 0
515 : 0 0 0
516 : 154 2589 2743
517 : 146 1867 2013
518 : 113 818 931
519 : 294 3325 3619
520 : 0 0 0
521 : 0 0 0
522 : 130 1156 1286
523 : 85 1388 1473
524 : 54 493 547
525 : 210 2613 2823
526 : 223 3065 3288
527 : 119 955 1074
528 : 131 2589 2720
529 : 133 2339 2472
530 : 335 3727 4062
531 : 164 2168 2332
532 : 293 3439 3732
533 : 300 3637 3937
534 : 0 0 0
535 : 0 0 0
536 : 0 0 0
537 : 0 0 0
538 : 22 336 358
539 : 33 586 619
540 : 56 705 761
541 : 138 1416 1554
542 : 0 0 0
543 : 0 0 0
544 : 247 3074 3321
545 : 188 1981 2169
546 : 174 2466 2640
547 : 366 3706 4072
548 : 174 1821 1995
549 : 0 0 0
550 : 0 0 0
551 : 0 0 0
552 : 0 0 0
553 : 85 781 866
554 : 40 665 705
555 : 0 0 0
556 : 0 0 0
557 : 186 2570 2756
558 : 197 1847 2044
559 : 0 0 0
560 : 0 0 0
561 : 378 3661 4039
562 : 0 0 0
563 : 0 0 0
564 : 0 0 0
565 : 0 0 0
566 : 399 3789 4188
567 : 360 3850 4210
568 : 228 3500 3728
569 : 55 607 662
570 : 146 2826 2972
571 : 147 1407 1554
572 : 103 1140 1243
573 : 113 2220 2333
574 : 76 996 1072
575 : 83 1426 1509
576 : 179 2297 2476
577 : 148 1655 1803
578 : 196 2638 2834
579 : 170 2005 2175
580 : 0 0 0
581 : 0 0 0
582 : 100 1274 1374
583 : 98 1145 1243
584 : 252 2671 2923
585 : 0 0 0
586 : 0 0 0
587 : 0 0 0
588 : 0 0 0
589 : 0 0 0
590 : 0 0 0
591 : 203 1953 2156
592 : 0 0 0
593 : 0 0 0
594 : 158 2470 2628
595 : 199 2612 2811
596 : 194 3088 3282
597 : 33 644 677
598 : 130 1574 1704
599 : 75 807 882
600 : 120 1375 1495
601 : 221 3107 3328
602 : 51 463 514
603 : 145 3082 3227
604 : 33 726 759
605 : 71 858 929
606 : 93 1310 1403
607 : 179 2402 2581
608 : 18 1124 1142
609 : 178 2695 2873
610 : 129 1471 1600
611 : 234 3207 3441
612 : 235 3092 3327
613 : 146 2497 2643
614 : 0 0 0
615 : 0 0 0
616 : 205 2405 2610
617 : 0 0 0
618 : 0 0 0
619 : 116 1982 2098
620 : 77 2116 2193
621 : 80 1324 1404
622 : 199 2907 3106
623 : 165 1943 2108
624 : 126 2856 2982
625 : 337 3467 3804
626 : 182 2802 2984
627 : 94 1906 2000
628 : 205 2718 2923
629 : 0 0 0
630 : 0 0 0
631 : 375 4002 4377
632 : 56 502 558
633 : 179 2827 3006
634 : 0 0 0
635 : 0 0 0
636 : 0 0 0
637 : 0 0 0
638 : 84 1564 1648
639 : 246 2693 2939
640 : 184 2039 2223
641 : 0 0 0
642 : 0 0 0
643 : 0 0 0
644 : 0 0 0
645 : 76 1579 1655
646 : 147 2526 2673
647 : 224 3038 3262
648 : 243 2830 3073
649 : 111 1987 2098
650 : 62 708 770
651 : 196 2244 2440
652 : 86 3365 3451
653 : 0 0 0
654 : 0 0 0
655 : 0 0 0
656 : 0 0 0
657 : 308 3152 3460
658 : 209 2948 3157
659 : 132 1229 1361
660 : 300 3178 3478
661 : 0 0 0
662 : 0 0 0
663 : 352 3515 3867
664 : 240 3101 3341
665 : 131 1222 1353
666 : 0 0 0
667 : 0 0 0
668 : 83 609 692
669 : 0 0 0
670 : 0 0 0
671 : 112 2215 2327
672 : 62 995 1057
673 : 214 2763 2977
674 : 162 1892 2054
675 : 168 2729 2897
676 : 131 3029 3160
677 : 0 0 0
678 : 0 0 0
679 : 242 3213 3455
680 : 29 1015 1044
681 : 0 0 0
682 : 0 0 0
683 : 229 3088 3317
684 : 156 2863 3019
685 : 224 2563 2787
686 : 39 1072 1111
687 : 215 2989 3204
688 : 165 3518 3683
689 : 108 1398 1506
690 : 0 0 0
691 : 0 0 0
692 : 0 0 0
693 : 0 0 0
694 : 169 2706 2875
695 : 210 2843 3053
696 : 0 0 0
697 : 0 0 0
698 : 161 1913 2074
699 : 53 986 1039
700 : 0 0 0
701 : 0 0 0
702 : 101 726 827
703 : 67 581 648
704 : 337 3477 3814
705 : 93 794 887
706 : 104 1690 1794
707 : 15 1500 1515
708 : 162 2728 2890
709 : 0 0 0
710 : 0 0 0
711 : 158 3034 3192
712 : 43 571 614
713 : 0 0 0
714 : 0 0 0
715 : 186 2526 2712
716 : 0 0 0
717 : 0 0 0
718 : 92 1286 1378
719 : 229 3042 3271
720 : 154 1991 2145
721 : 44 1005 1049
722 : 0 0 0
723 : 0 0 0
724 : 0 0 0
725 : 0 0 0
726 : 135 1809 1944
727 : 226 2743 2969
728 : 170 2259 2429
729 : 229 2804 3033
730 : 0 0 0
731 : 0 0 0
732 : 272 3301 3573
733 : 128 2235 2363
734 : 128 2058 2186
735 : 174 2786 2960
736 : 346 3755 4101
737 : 0 0 0
738 : 0 0 0
739 : 201 2606 2807
740 : 252 3096 3348
741 : 0 0 0
742 : 0 0 0
743 : 0 0 0
744 : 0 0 0
745 : 208 3100 3308
746 : 114 1211 1325
747 : 0 0 0
748 : 0 0 0
749 : 193 2387 2580
750 : 26 342 368
751 : 75 1055 1130
752 : 78 1340 1418
753 : 126 3070 3196
754 : 207 3095 3302
755 : 273 3632 3905
756 : 299 3727 4026
757 : 117 963 1080
758 : 0 0 0
759 : 0 0 0
760 : 217 2812 3029
761 : 136 1586 1722
762 : 0 0 0
763 : 0 0 0
764 : 0 0 0
765 : 0 0 0
766 : 0 0 0
767 : 0 0 0
768 : 0 0 0
769 : 0 0 0
770 : 0 0 0
771 : 0 0 0
772 : 182 3278 3460
773 : 136 2001 2137
774 : 173 1924 2097
775 : 128 1875 2003
776 : 73 882 955
777 : 0 0 0
778 : 0 0 0
779 : 57 668 725
780 : 30 460 490
781 : 88 1729 1817
782 : 132 2879 3011
783 : 0 0 0
784 : 0 0 0
785 : 226 3071 3297
786 : 0 0 0
787 : 0 0 0
788 : 19 1269 1288
789 : 165 2528 2693
790 : 78 1356 1434
791 : 0 0 0
792 : 0 0 0
793 : 139 3326 3465
794 : 148 3390 3538
795 : 158 2445 2603
796 : 65 1235 1300
797 : 84 647 731
798 : 162 2034 2196
799 : 13 743 756
800 : 220 3378 3598
801 : 0 0 0
802 : 0 0 0
803 : 0 0 0
804 : 0 0 0
805 : 132 1524 1656
806 : 100 1259 1359
807 : 0 0 0
808 : 0 0 0
809 : 0 0 0
810 : 0 0 0
811 : 0 0 0
812 : 0 0 0
813 : 0 0 0
814 : 0 0 0
815 : 0 0 0
816 : 0 0 0
817 : 0 0 0
818 : 0 0 0
819 : 484 3775 4259
820 : 182 2608 2790
821 : 49 1685 1734
822 : 0 0 0
823 : 0 0 0
824 : 167 1935 2102
825 : 0 0 0
826 : 0 0 0
827 : 0 0 0
828 : 0 0 0
829 : 138 2781 2919
830 : 302 3929 4231
831 : 67 1024 1091
832 : 23 791 814
833 : 0 0 0
834 : 0 0 0
835 : 90 1352 1442
836 : 0 0 0
837 : 0 0 0
838 : 87 1302 1389
839 : 0 0 0
840 : 0 0 0
841 : 108 1823 1931
842 : 197 2728 2925
843 : 185 2674 2859
844 : 156 1423 1579
845 : 128 1843 1971
846 : 108 1324 1432
847 : 590 4104 4694
848 : 135 1429 1564
849 : 355 3548 3903
850 : 247 3274 3521
851 : 0 0 0
852 : 0 0 0
853 : 69 1022 1091
854 : 306 3297 3603
855 : 101 642 743
856 : 159 2437 2596
857 : 268 2739 3007
858 : 118 2324 2442
859 : 213 3106 3319
860 : 257 3430 3687
861 : 114 2301 2415
862 : 167 2667 2834
863 : 154 2878 3032
864 : 0 0 0
865 : 0 0 0
866 : 137 2173 2310
867 : 0 0 0
868 : 0 0 0
869 : 0 0 0
870 : 0 0 0
871 : 124 1936 2060
872 : 175 2705 2880
873 : 146 1807 1953
874 : 0 0 0
875 : 0 0 0
876 : 102 2245 2347
877 : 175 3072 3247
878 : 274 3307 3581
879 : 0 0 0
880 : 0 0 0
881 : 127 1812 1939
882 : 128 2101 2229
883 : 0 0 0
884 : 0 0 0
885 : 140 2570 2710
886 : 122 1692 1814
887 : 18 302 320
888 : 77 718 795
889 : 63 1848 1911
890 : 68 1784 1852
891 : 39 895 934
892 : 81 849 930
893 : 0 0 0
894 : 0 0 0
895 : 99 1389 1488
896 : 0 0 0
897 : 0 0 0
898 : 0 0 0
899 : 0 0 0
900 : 150 1506 1656
901 : 130 1791 1921
902 : 0 0 0
903 : 0 0 0
904 : 187 2363 2550
905 : 215 2900 3115
906 : 201 2648 2849
907 : 100 1625 1725
908 : 375 3826 4201
909 : 162 1784 1946
910 : 325 3351 3676
911 : 127 2457 2584
912 : 29 304 333
913 : 32 1210 1242
914 : 57 668 725
915 : 103 865 968
916 : 0 0 0
917 : 0 0 0
918 : 129 1407 1536
919 : 0 0 0
920 : 0 0 0
921 : 179 4110 4289
922 : 243 2858 3101
923 : 111 1587 1698
924 : 0 0 0
925 : 0 0 0
926 : 0 0 0
927 : 0 0 0
928 : 191 2466 2657
929 : 0 0 0
930 : 0 0 0
931 : 122 1969 2091
932 : 156 2184 2340
933 : 322 4190 4512
934 : 0 0 0
935 : 0 0 0
936 : 179 1947 2126
937 : 419 3805 4224
938 : 56 1304 1360
939 : 0 0 0
940 : 0 0 0
941 : 293 3468 3761
942 : 199 2689 2888
943 : 41 1983 2024
944 : 215 2889 3104
945 : 0 0 0
946 : 0 0 0
947 : 180 1823 2003
948 : 195 2529 2724
949 : 163 1868 2031
950 : 0 0 0
951 : 0 0 0
952 : 201 2744 2945
953 : 78 667 745
954 : 104 1060 1164
955 : 118 1480 1598
956 : 177 1858 2035
957 : 327 3556 3883
958 : 170 2152 2322
959 : 269 3168 3437
960 : 50 1424 1474
961 : 88 706 794
962 : 103 2568 2671
963 : 313 3314 3627
964 : 181 2100 2281
965 : 145 1087 1232
966 : 210 3042 3252
967 : 70 842 912
968 : 320 3466 3786
969 : 154 1691 1845
970 : 79 2362 2441
971 : 0 0 0
972 : 0 0 0
973 : 0 0 0
974 : 0 0 0
975 : 0 0 0
976 : 0 0 0
977 : 0 0 0
978 : 0 0 0
979 : 164 2653 2817
980 : 88 1008 1096
981 : 99 1925 2024
982 : 32 266 298
983 : 171 2331 2502
984 : 0 0 0
985 : 0 0 0
986 : 0 0 0
987 : 0 0 0
988 : 280 3785 4065
989 : 0 0 0
990 : 0 0 0
991 : 75 1899 1974
992 : 36 906 942
993 : 22 478 500
994 : 190 2574 2764
995 : 0 0 0
996 : 0 0 0
997 : 0 0 0
998 : 0 0 0
999 : 150 1814 1964
1000 : 123 1538 1661
1001 : 178 2860 3038
1002 : 139 2938 3077
1003 : 353 3945 4298
1004 : 330 3456 3786
1005 : 212 2704 2916
1006 : 129 1798 1927
1007 : 57 345 402
1008 : 0 0 0
1009 : 0 0 0
1010 : 84 2208 2292
1011 : 0 0 0
1012 : 0 0 0
1013 : 183 2359 2542
1014 : 0 0 0
1015 : 0 0 0
1016 : 350 3488 3838
1017 : 280 3559 3839
1018 : 316 3598 3914
1019 : 190 2204 2394
1020 : 163 2985 3148
1021 : 247 3022 3269
1022 : 0 0 0
1023 : 0 0 0
1024 : 198 3091 3289
1025 : 209 2606 2815
